>> t = readtable('EmoMadrid_People_Images.xlsx')

t =

  320×21 table

      EMCODE       Category     NValence    MeanValence    ValenceSD    NArousal    MeanArousal    ArousalSD    AverageLuminosity    SizeInBytes    Contrast    SF768_384    SF384_192    SF192_96     SF96_48       SF48_24       SF24_12        SF12_6        SF6_3       Var20    SFresidual
    __________    __________    ________    ___________    _________    ________    ___________    _________    _________________    ___________    ________    _________    _________    ________    __________    __________    __________    __________    __________    _____    __________

    {'EM0003'}    {'People'}      221          1.4706       0.64335       224         0.90625       0.91581          105.09            334.75       0.26626      69.463       829.03       8390.1          66626    4.7151e+05    2.5545e+06    1.2296e+07    2.6061e+07     NaN     7.4121e+08
    {'EM0018'}    {'People'}      105          1.3333        0.8165       103         0.76699        1.0683          134.14            627.81       0.27388      339.67       1160.2       5293.8          31047    2.1305e+05    9.5811e+05    4.2319e+06     3.193e+07     NaN      1.317e+09
    {'EM0021'}    {'People'}      103          1.4757       0.72551       103         0.66019        1.0343           68.16            458.09       0.24935      112.16       856.29       6125.4          39083    2.9591e+05    1.5051e+06    8.7555e+06    4.1139e+07     NaN     3.7958e+08
    {'EM0040'}    {'People'}      104          1.4038          0.69       103         0.70874       0.99638          130.18            391.96         0.312      353.78       1395.4         6037          36395    2.2487e+05    1.4184e+06     7.524e+06    1.1067e+08     NaN      1.188e+09
    {'EM0052'}    {'People'}      110         0.29091       0.87099       111         0.91892       0.60506           89.19            656.69       0.21748      534.71       2322.4        10223          54240    3.1134e+05    1.5909e+06     9.458e+06    1.7613e+07     NaN     5.5998e+08

        :             :            :             :             :           :             :             :                :                 :            :            :            :           :            :             :             :             :             :           :          :     

    {'EM1044'}    {'People'}      107        -0.36449       0.82864       111         0.38739       0.74065          125.21            713.16       0.23281      683.82       3487.5        18156          73179    3.9135e+05    2.4618e+06    7.4135e+06    2.2992e+07     NaN     1.0139e+09
    {'EM1045'}    {'People'}      109          1.4312       0.67174       111         -1.6216       0.58859          127.47            351.26        0.2593      68.906       394.01       788.49         4011.1         20476     1.293e+05    6.7627e+05    8.6262e+06     NaN     1.0601e+09
    {'EM1052'}    {'People'}      109          1.1835        0.7474       112          1.3036       0.61277           73.35            567.66       0.28805      97.692       956.71       9428.7          60128    3.4091e+05    1.6874e+06    8.3342e+06    4.3389e+07     NaN     5.0372e+08
    {'EM1053'}    {'People'}      109          1.1284       0.61011       110        -0.47273       0.91581           80.68              1001       0.26799      1576.8       5918.5        21598          95636    4.6964e+05     2.122e+06    8.4403e+06    2.1433e+07     NaN     4.8111e+08
    {'EM1067'}    {'People'}      110        -0.87273       0.89963       112          1.4911       0.53685            47.4             534.3       0.25526      189.19       1714.2        16423     1.0085e+05     5.809e+05    1.7569e+06    8.7801e+06    2.5814e+07     NaN     1.9601e+08

	Display all 320 rows.

>> pearson_corr

r_ValXAro =

    1.0000   -0.3932
   -0.3932    1.0000


p_ValXAro =

    1.0000    0.0000
    0.0000    1.0000


r_LumXAro =

    1.0000   -0.2561
   -0.2561    1.0000


p_LumXAro =

    1.0000    0.0000
    0.0000    1.0000


r_LumXVal =

    1.0000    0.1476
    0.1476    1.0000


p_LumXVal =

    1.0000    0.0082
    0.0082    1.0000


r_SzXAro =

    1.0000   -0.2796
   -0.2796    1.0000


p_SzXAro =

    1.0000    0.0000
    0.0000    1.0000


r_SzXVal =

    1.0000    0.2227
    0.2227    1.0000


p_SzXVal =

    1.0000    0.0001
    0.0001    1.0000


r_ContrXVal =

    1.0000   -0.0116
   -0.0116    1.0000


p_ContrXVal =

    1.0000    0.8366
    0.8366    1.0000


r_ContXAro =

    1.0000    0.0950
    0.0950    1.0000


p_ContXAro =

    1.0000    0.0898
    0.0898    1.0000


r_SF768384XVal =

    1.0000    0.1963
    0.1963    1.0000


p_SF768384XVal =

    1.0000    0.0004
    0.0004    1.0000


r_SF768384XAro =

    1.0000   -0.2881
   -0.2881    1.0000


p_SF768384XAro =

    1.0000    0.0000
    0.0000    1.0000


r_SF384192XVal =

    1.0000    0.1877
    0.1877    1.0000


p_SF384192XVal =

    1.0000    0.0007
    0.0007    1.0000


r_SF384192XAro =

    1.0000   -0.2353
   -0.2353    1.0000


p_SF384192XAro =

    1.0000    0.0000
    0.0000    1.0000


r_SF19296XVal =

    1.0000    0.1764
    0.1764    1.0000


p_SF19296XVal =

    1.0000    0.0015
    0.0015    1.0000


r_SF19296XAro =

    1.0000   -0.1472
   -0.1472    1.0000


p_SF19296XAro =

    1.0000    0.0084
    0.0084    1.0000


r_SF9648XVal =

    1.0000    0.1689
    0.1689    1.0000


p_SF9648XVal =

    1.0000    0.0024
    0.0024    1.0000


r_SF9648XAro =

    1.0000   -0.0963
   -0.0963    1.0000


p_SF9648XAro =

    1.0000    0.0853
    0.0853    1.0000


r_SF4824XVal =

    1.0000    0.1323
    0.1323    1.0000


p_SF4824XVal =

    1.0000    0.0179
    0.0179    1.0000


r_SF4824XAro =

    1.0000   -0.0376
   -0.0376    1.0000


p_SF4824XAro =

    1.0000    0.5023
    0.5023    1.0000


r_SF2412XVal =

    1.0000    0.1127
    0.1127    1.0000


p_SF2412XVal =

    1.0000    0.0440
    0.0440    1.0000


r_SF2412XAro =

    1.0000   -0.0267
   -0.0267    1.0000


p_SF2412XAro =

    1.0000    0.6336
    0.6336    1.0000


r_SF126XVal =

    1.0000    0.0392
    0.0392    1.0000


p_SF126XVal =

    1.0000    0.4845
    0.4845    1.0000


r_SF126XAro =

    1.0000   -0.0122
   -0.0122    1.0000


p_SF126XAro =

    1.0000    0.8286
    0.8286    1.0000


r_SF63XVal =

    1.0000   -0.0927
   -0.0927    1.0000


p_SF63XVal =

    1.0000    0.0979
    0.0979    1.0000


r_SF63XAro =

    1.0000    0.0653
    0.0653    1.0000


p_SF63XAro =

    1.0000    0.2439
    0.2439    1.0000


r_SFresXVal =

    1.0000    0.1176
    0.1176    1.0000


p_SFresXVal =

    1.0000    0.0356
    0.0356    1.0000


r_SFresXAro =

    1.0000   -0.2473
   -0.2473    1.0000


p_SFresXAro =

    1.0000    0.0000
    0.0000    1.0000

>> 