>> pearson_corr

r_ValXAro =

    1.0000   -0.5441
   -0.5441    1.0000


p_ValXAro =

    1.0000    0.0000
    0.0000    1.0000


r_ColXAro =

    1.0000   -0.0663
   -0.0663    1.0000


p_ColXAro =

    1.0000    0.0301
    0.0301    1.0000


r_ColXVal =

    1.0000    0.2850
    0.2850    1.0000


p_ColXVal =

    1.0000    0.0000
    0.0000    1.0000


r_ConXVal =

    1.0000    0.1220
    0.1220    1.0000


p_ConXVal =

    1.0000    0.0001
    0.0001    1.0000


r_ConXAro =

    1.0000   -0.0554
   -0.0554    1.0000


p_ConXAro =

    1.0000    0.0703
    0.0703    1.0000


r_SF768384XVal =

    1.0000    0.0566
    0.0566    1.0000


p_SF768384XVal =

    1.0000    0.0640
    0.0640    1.0000


r_SF768384XAro =

    1.0000   -0.1024
   -0.1024    1.0000


p_SF768384XAro =

    1.0000    0.0008
    0.0008    1.0000


r_SF384192XVal =

    1.0000    0.0642
    0.0642    1.0000


p_SF384192XVal =

    1.0000    0.0354
    0.0354    1.0000


r_SF384192XAro =

    1.0000   -0.0449
   -0.0449    1.0000


p_SF384192XAro =

    1.0000    0.1415
    0.1415    1.0000


r_SF19296XVal =

    1.0000    0.0657
    0.0657    1.0000


p_SF19296XVal =

    1.0000    0.0314
    0.0314    1.0000


r_SF19296XAro =

    1.0000    0.0525
    0.0525    1.0000


p_SF19296XAro =

    1.0000    0.0859
    0.0859    1.0000


r_SF9648XVal =

    1.0000    0.0500
    0.0500    1.0000


p_SF9648XVal =

    1.0000    0.1016
    0.1016    1.0000


r_SF9648XAro =

    1.0000    0.1104
    0.1104    1.0000


p_SF9648XAro =

    1.0000    0.0003
    0.0003    1.0000


r_SF4824XVal =

    1.0000    0.0382
    0.0382    1.0000


p_SF4824XVal =

    1.0000    0.2113
    0.2113    1.0000


r_SF4824XAro =

    1.0000    0.1357
    0.1357    1.0000


p_SF4824XAro =

    1.0000    0.0000
    0.0000    1.0000


r_SF2412XVal =

    1.0000    0.0133
    0.0133    1.0000


p_SF2412XVal =

    1.0000    0.6644
    0.6644    1.0000


r_SF2412XAro =

    1.0000    0.1163
    0.1163    1.0000


p_SF2412XAro =

    1.0000    0.0001
    0.0001    1.0000


r_SF126XVal =

    1.0000   -0.0250
   -0.0250    1.0000


p_SF126XVal =

    1.0000    0.4136
    0.4136    1.0000


r_SF126XAro =

    1.0000    0.0911
    0.0911    1.0000


p_SF126XAro =

    1.0000    0.0028
    0.0028    1.0000


r_SF63XVal =

    1.0000   -0.0458
   -0.0458    1.0000


p_SF63XVal =

    1.0000    0.1337
    0.1337    1.0000


r_SF63XAro =

    1.0000    0.0604
    0.0604    1.0000


p_SF63XAro =

    1.0000    0.0478
    0.0478    1.0000


r_SFresXVal =

    1.0000    0.0785
    0.0785    1.0000


p_SFresXVal =

    1.0000    0.0101
    0.0101    1.0000


r_SFresXAro =

    1.0000   -0.1568
   -0.1568    1.0000


p_SFresXAro =

    1.0000    0.0000
    0.0000    1.0000

>> 