>> t = readtable('EmoMadrid_Landscape_Images.xlsx');


r_ValXAro =

    1.0000   -0.7570
   -0.7570    1.0000


p_ValXAro =

    1.0000    0.0000
    0.0000    1.0000


r_LumXAro =

    1.0000   -0.2014
   -0.2014    1.0000


p_LumXAro =

    1.0000    0.0044
    0.0044    1.0000


r_LumXVal =

    1.0000    0.1597
    0.1597    1.0000


p_LumXVal =

    1.0000    0.0246
    0.0246    1.0000


r_SzXAro =

    1.0000    0.0625
    0.0625    1.0000


p_SzXAro =

    1.0000    0.3818
    0.3818    1.0000


r_SzXVal =

    1.0000   -0.1343
   -0.1343    1.0000


p_SzXVal =

    1.0000    0.0593
    0.0593    1.0000


r_ContrXVal =

    1.0000   -0.1698
   -0.1698    1.0000


p_ContrXVal =

    1.0000    0.0168
    0.0168    1.0000


r_ContXAro =

    1.0000    0.1932
    0.1932    1.0000


p_ContXAro =

    1.0000    0.0064
    0.0064    1.0000


r_SF768384XVal =

    1.0000   -0.1094
   -0.1094    1.0000


p_SF768384XVal =

    1.0000    0.1249
    0.1249    1.0000


r_SF768384XAro =

    1.0000    0.1004
    0.1004    1.0000


p_SF768384XAro =

    1.0000    0.1593
    0.1593    1.0000


r_SF384192XVal =

    1.0000   -0.1441
   -0.1441    1.0000


p_SF384192XVal =

    1.0000    0.0428
    0.0428    1.0000


r_SF384192XAro =

    1.0000    0.2196
    0.2196    1.0000


p_SF384192XAro =

    1.0000    0.0019
    0.0019    1.0000


r_SF19296XVal =

    1.0000   -0.2084
   -0.2084    1.0000


p_SF19296XVal =

    1.0000    0.0032
    0.0032    1.0000


r_SF19296XAro =

    1.0000    0.3509
    0.3509    1.0000


p_SF19296XAro =

    1.0000    0.0000
    0.0000    1.0000


r_SF9648XVal =

    1.0000   -0.2475
   -0.2475    1.0000


p_SF9648XVal =

    1.0000    0.0004
    0.0004    1.0000


r_SF9648XAro =

    1.0000    0.3949
    0.3949    1.0000


p_SF9648XAro =

    1.0000    0.0000
    0.0000    1.0000


r_SF4824XVal =

    1.0000   -0.2849
   -0.2849    1.0000


p_SF4824XVal =

    1.0000    0.0000
    0.0000    1.0000


r_SF4824XAro =

    1.0000    0.3996
    0.3996    1.0000


p_SF4824XAro =

    1.0000    0.0000
    0.0000    1.0000


r_SF2412XVal =

    1.0000   -0.3074
   -0.3074    1.0000


p_SF2412XVal =

    1.0000    0.0000
    0.0000    1.0000


r_SF2412XAro =

    1.0000    0.3621
    0.3621    1.0000


p_SF2412XAro =

    1.0000    0.0000
    0.0000    1.0000


r_SF126XVal =

    1.0000   -0.3608
   -0.3608    1.0000


p_SF126XVal =

    1.0000    0.0000
    0.0000    1.0000


r_SF126XAro =

    1.0000    0.3028
    0.3028    1.0000


p_SF126XAro =

    1.0000    0.0000
    0.0000    1.0000


r_SF63XVal =

    1.0000   -0.1759
   -0.1759    1.0000


p_SF63XVal =

    1.0000    0.0132
    0.0132    1.0000


r_SF63XAro =

    1.0000    0.1826
    0.1826    1.0000


p_SF63XAro =

    1.0000    0.0100
    0.0100    1.0000


r_SFresXVal =

    1.0000    0.1759
    0.1759    1.0000


p_SFresXVal =

    1.0000    0.0132
    0.0132    1.0000


r_SFresXAro =

    1.0000   -0.2125
   -0.2125    1.0000


p_SFresXAro =

    1.0000    0.0027
    0.0027    1.0000

>> 