>> t = readtable('EmoMadrid_Sports_Images.xlsx')


t =

  50×21 table

      EMCODE       Category     NValence    MeanValence    ValenceSD    NArousal    MeanArousal    ArousalSD    AverageLuminosity    SizeInBytes    Contrast    SF768_384    SF384_192    SF192_96     SF96_48       SF48_24       SF24_12        SF12_6        SF6_3       Var20    SFresidual
    __________    __________    ________    ___________    _________    ________    ___________    _________    _________________    ___________    ________    _________    _________    ________    __________    __________    __________    __________    __________    _____    __________

    {'EM0046'}    {'Sports'}      126          1.3571       0.78449       126               1        1.1524          101.26            351.64       0.058679     99.259       672.17       3341.2          11334         41573    1.3745e+05    7.5924e+05    3.3538e+06     NaN     7.2856e+08
    {'EM0057'}    {'Sports'}      125           1.376       0.71464       126         0.48413        1.3608          172.05            400.64        0.19648      329.9       1246.8       2718.5         9860.8         50235    4.1786e+05    1.9419e+06    1.1758e+07     NaN      2.045e+09
    {'EM0114'}    {'Sports'}      105         0.62857       0.85774       104          1.1635       0.88252           87.35            209.98        0.25201     298.68       1771.4        11193          55354    3.2389e+05    2.1638e+06    6.9315e+06      4.17e+07     NaN     5.5284e+08
    {'EM0137'}    {'Sports'}      104           0.875       0.75925       104         0.14423        1.1776           96.58             485.6        0.24729     478.15       2230.4       7579.9          31902    1.5074e+05    7.9917e+05    7.0423e+06    5.4294e+07     NaN     6.8779e+08
    {'EM0142'}    {'Sports'}      105          1.3143       0.75082       103          1.5243       0.83835          169.52            345.74        0.26895     294.95       1661.6       8424.8          45464    2.9247e+05    1.6763e+06    1.3506e+07    6.8825e+07     NaN     2.0268e+09

        :             :            :             :             :           :             :             :                :                 :            :            :            :           :            :             :             :             :             :           :          :     

    {'EM0925'}    {'Sports'}      110        -0.47273       0.93563       110             1.4       0.59354          106.02            592.35        0.25089     640.46       2515.5        11942          65543    5.6992e+05    2.5523e+06      1.21e+07    3.0458e+07     NaN     8.7325e+08
    {'EM0929'}    {'Sports'}      109         -1.0092       0.68712       111          1.0811       0.58984           71.76            663.04        0.32222     329.35       2458.1       9681.8          48845    2.7902e+05    3.9118e+06     1.205e+07    1.2595e+08     NaN     6.7498e+08
    {'EM0930'}    {'Sports'}      111         -1.2342       0.76223       110          1.5636       0.51629           84.07            600.02          0.264     333.52       1990.4        13848     1.0148e+05    6.4092e+05    3.1599e+06    1.6645e+07    3.9327e+07     NaN     4.6063e+08
    {'EM0931'}    {'Sports'}      111         -1.5135       0.86197       112          1.7054       0.51357           85.41            615.52        0.32015     526.63       4257.4        21333     1.1488e+05    4.1845e+05    3.6765e+06    1.6301e+07    1.1335e+08     NaN     5.3341e+08
    {'EM0932'}    {'Sports'}      111         0.78378       0.79092       112         0.86607       0.60769           92.22            585.67        0.17984     209.57         1308       6459.2          34669    2.3457e+05    9.7763e+05    3.7389e+06    1.9728e+07     NaN     7.5742e+08

	Display all 50 rows.

>> pearson_corr

r_ValXAro =

    1.0000   -0.1716
   -0.1716    1.0000


p_ValXAro =

    1.0000    0.2334
    0.2334    1.0000


r_LumXAro =

    1.0000   -0.0979
   -0.0979    1.0000


p_LumXAro =

    1.0000    0.4990
    0.4990    1.0000


r_LumXVal =

    1.0000    0.4757
    0.4757    1.0000


p_LumXVal =

    1.0000    0.0005
    0.0005    1.0000


r_SzXAro =

    1.0000   -0.1541
   -0.1541    1.0000


p_SzXAro =

    1.0000    0.2854
    0.2854    1.0000


r_SzXVal =

    1.0000   -0.1986
   -0.1986    1.0000


p_SzXVal =

    1.0000    0.1669
    0.1669    1.0000


r_ContrXVal =

    1.0000   -0.2854
   -0.2854    1.0000


p_ContrXVal =

    1.0000    0.0445
    0.0445    1.0000


r_ContXAro =

    1.0000    0.0766
    0.0766    1.0000


p_ContXAro =

    1.0000    0.5972
    0.5972    1.0000


r_SF768384XVal =

    1.0000   -0.2121
   -0.2121    1.0000


p_SF768384XVal =

    1.0000    0.1391
    0.1391    1.0000


r_SF768384XAro =

    1.0000   -0.1102
   -0.1102    1.0000


p_SF768384XAro =

    1.0000    0.4461
    0.4461    1.0000


r_SF384192XVal =

    1.0000   -0.4076
   -0.4076    1.0000


p_SF384192XVal =

    1.0000    0.0033
    0.0033    1.0000


r_SF384192XAro =

    1.0000   -0.0011
   -0.0011    1.0000


p_SF384192XAro =

    1.0000    0.9940
    0.9940    1.0000


r_SF19296XVal =

    1.0000   -0.4145
   -0.4145    1.0000


p_SF19296XVal =

    1.0000    0.0028
    0.0028    1.0000


r_SF19296XAro =

    1.0000    0.0662
    0.0662    1.0000


p_SF19296XAro =

    1.0000    0.6477
    0.6477    1.0000


r_SF9648XVal =

    1.0000   -0.4070
   -0.4070    1.0000


p_SF9648XVal =

    1.0000    0.0034
    0.0034    1.0000


r_SF9648XAro =

    1.0000    0.0513
    0.0513    1.0000


p_SF9648XAro =

    1.0000    0.7237
    0.7237    1.0000


r_SF4824XVal =

    1.0000   -0.3814
   -0.3814    1.0000


p_SF4824XVal =

    1.0000    0.0063
    0.0063    1.0000


r_SF4824XAro =

    1.0000    0.0646
    0.0646    1.0000


p_SF4824XAro =

    1.0000    0.6556
    0.6556    1.0000


r_SF2412XVal =

    1.0000   -0.4471
   -0.4471    1.0000


p_SF2412XVal =

    1.0000    0.0011
    0.0011    1.0000


r_SF2412XAro =

    1.0000    0.1583
    0.1583    1.0000


p_SF2412XAro =

    1.0000    0.2721
    0.2721    1.0000


r_SF126XVal =

    1.0000   -0.1969
   -0.1969    1.0000


p_SF126XVal =

    1.0000    0.1705
    0.1705    1.0000


r_SF126XAro =

    1.0000    0.0400
    0.0400    1.0000


p_SF126XAro =

    1.0000    0.7828
    0.7828    1.0000


r_SF63XVal =

    1.0000   -0.4791
   -0.4791    1.0000


p_SF63XVal =

    1.0000    0.0004
    0.0004    1.0000


r_SF63XAro =

    1.0000    0.1569
    0.1569    1.0000


p_SF63XAro =

    1.0000    0.2765
    0.2765    1.0000


r_SFresXVal =

    1.0000    0.4257
    0.4257    1.0000


p_SFresXVal =

    1.0000    0.0021
    0.0021    1.0000


r_SFresXAro =

    1.0000   -0.1312
   -0.1312    1.0000


p_SFresXAro =

    1.0000    0.3637
    0.3637    1.0000

>> 