>> pearson_corr

r_ValXAro =

    1.0000   -0.8991
   -0.8991    1.0000


p_ValXAro =

    1.0000    0.0000
    0.0000    1.0000


r_LumXAro =

    1.0000   -0.1195
   -0.1195    1.0000


p_LumXAro =

    1.0000    0.1425
    0.1425    1.0000


r_LumXVal =

    1.0000    0.0769
    0.0769    1.0000


p_LumXVal =

    1.0000    0.3467
    0.3467    1.0000


r_SzXAro =

    1.0000   -0.1805
   -0.1805    1.0000


p_SzXAro =

    1.0000    0.0260
    0.0260    1.0000


r_SzXVal =

    1.0000    0.2040
    0.2040    1.0000


p_SzXVal =

    1.0000    0.0117
    0.0117    1.0000


r_ContrXVal =

    1.0000    0.0334
    0.0334    1.0000


p_ContrXVal =

    1.0000    0.6825
    0.6825    1.0000


r_ContXAro =

    1.0000    0.0586
    0.0586    1.0000


p_ContXAro =

    1.0000    0.4732
    0.4732    1.0000


r_SF768384XVal =

    1.0000    0.0276
    0.0276    1.0000


p_SF768384XVal =

    1.0000    0.7355
    0.7355    1.0000


r_SF768384XAro =

    1.0000    0.0213
    0.0213    1.0000


p_SF768384XAro =

    1.0000    0.7947
    0.7947    1.0000


r_SF384192XVal =

    1.0000   -0.0098
   -0.0098    1.0000


p_SF384192XVal =

    1.0000    0.9049
    0.9049    1.0000


r_SF384192XAro =

    1.0000    0.0949
    0.0949    1.0000


p_SF384192XAro =

    1.0000    0.2446
    0.2446    1.0000


r_SF19296XVal =

    1.0000   -0.0289
   -0.0289    1.0000


p_SF19296XVal =

    1.0000    0.7241
    0.7241    1.0000


r_SF19296XAro =

    1.0000    0.1716
    0.1716    1.0000


p_SF19296XAro =

    1.0000    0.0345
    0.0345    1.0000


r_SF9648XVal =

    1.0000   -0.0454
   -0.0454    1.0000


p_SF9648XVal =

    1.0000    0.5788
    0.5788    1.0000


r_SF9648XAro =

    1.0000    0.2097
    0.2097    1.0000


p_SF9648XAro =

    1.0000    0.0095
    0.0095    1.0000


r_SF4824XVal =

    1.0000    0.0055
    0.0055    1.0000


p_SF4824XVal =

    1.0000    0.9465
    0.9465    1.0000


r_SF4824XAro =

    1.0000    0.1376
    0.1376    1.0000


p_SF4824XAro =

    1.0000    0.0910
    0.0910    1.0000


r_SF2412XVal =

    1.0000    0.0665
    0.0665    1.0000


p_SF2412XVal =

    1.0000    0.4157
    0.4157    1.0000


r_SF2412XAro =

    1.0000    0.0605
    0.0605    1.0000


p_SF2412XAro =

    1.0000    0.4593
    0.4593    1.0000


r_SF126XVal =

    1.0000    0.0996
    0.0996    1.0000


p_SF126XVal =

    1.0000    0.2221
    0.2221    1.0000


r_SF126XAro =

    1.0000    0.0095
    0.0095    1.0000


p_SF126XAro =

    1.0000    0.9076
    0.9076    1.0000


r_SF63XVal =

    1.0000   -0.0284
   -0.0284    1.0000


p_SF63XVal =

    1.0000    0.7285
    0.7285    1.0000


r_SF63XAro =

    1.0000    0.0384
    0.0384    1.0000


p_SF63XAro =

    1.0000    0.6387
    0.6387    1.0000


r_SFresXVal =

    1.0000    0.0969
    0.0969    1.0000


p_SFresXVal =

    1.0000    0.2348
    0.2348    1.0000


r_SFresXAro =

    1.0000   -0.1340
   -0.1340    1.0000


p_SFresXAro =

    1.0000    0.0999
    0.0999    1.0000

>> 