>> t = readtable('EmoMadrid_Object_Images.xlsx')


t =

  244×21 table

      EMCODE       Category     NValence    MeanValence    ValenceSD    NArousal    MeanArousal    ArousalSD    AverageLuminosity    SizeInBytes    Contrast    SF768_384    SF384_192    SF192_96    SF96_48     SF48_24       SF24_12        SF12_6        SF6_3       Var20    SFresidual
    __________    __________    ________    ___________    _________    ________    ___________    _________    _________________    ___________    ________    _________    _________    ________    _______    __________    __________    __________    __________    _____    __________

    {'EM0004'}    {'Object'}      105        -0.057143      0.63289       103          0.42718      0.85866          232.87            161.04       0.15539      309.27       1751.4       7087.6      35339     2.1895e+05    1.3509e+06    5.1909e+06    1.4553e+07     NaN     3.5945e+09
    {'EM0016'}    {'Object'}      221         0.072398      0.44129       221        -0.090498      0.66807          244.47            82.134       0.15023      138.92       1351.4       9259.7      45579     2.4132e+05     1.235e+06    3.5811e+06    8.3886e+06     NaN     3.9255e+09
    {'EM0019'}    {'Object'}      104          0.49038      0.71047       102         -0.62745      0.68825           61.21            202.17       0.24535      80.425       517.35       4390.3      18432     1.6318e+05    6.0236e+05    7.8101e+06    3.6316e+07     NaN     3.1002e+08
    {'EM0022'}    {'Object'}      104         0.048077      0.54648       103        -0.058252      0.57438          135.92            362.75       0.17836      38.435        494.3       5495.1      46690     3.7436e+05    1.8754e+06     9.553e+06    3.1711e+07     NaN     1.2335e+09
    {'EM0026'}    {'Object'}      130         0.069231       0.3563       130         -0.22308      0.63813          143.31            353.05       0.18412      51.042       334.63       2403.6      17037          80806     8.409e+05    2.3894e+06    4.4104e+07     NaN     1.4375e+09

        :             :            :             :             :           :             :             :                :                 :            :            :            :           :           :           :             :             :             :           :          :     

    {'EM1059'}    {'Object'}      111         -0.27928      0.63491       112       -0.0089286      0.62234           120.3            362.44       0.25934      37.988       274.72       1841.2      14656          94976    6.8251e+05    3.6131e+06    2.9416e+07     NaN     1.1621e+09
    {'EM1060'}    {'Object'}      109         -0.47706      0.72771       110          0.28182      0.71846          193.09            340.75       0.13229      27.514       221.12       1785.9      14428          90039    5.2381e+05    3.1346e+06    1.0519e+07     NaN     2.4997e+09
    {'EM1062'}    {'Object'}      111          -1.4595      0.62934       110          0.90909      0.71093            41.1            568.46       0.24399      226.26       1102.1         5216      24572     1.2116e+05    7.5023e+05    5.2818e+06    3.1945e+07     NaN     2.3513e+08
    {'EM1066'}    {'Object'}      111          -1.8198      0.48986       112           1.2143      0.78761           83.39            557.04       0.26097      469.95       2355.5        12056      64409     2.2611e+05     2.418e+06     5.679e+06    8.3505e+07     NaN     5.0492e+08
    {'EM1069'}    {'Object'}      109          -1.7615      0.42815       112          0.96429      0.73434          113.98            627.88       0.24503      220.72       1965.3        13814      91709     4.9473e+05    2.4819e+06    1.1113e+07    5.2107e+07     NaN     9.0226e+08

	

r_ValXAro =

    1.0000   -0.7236
   -0.7236    1.0000


p_ValXAro =

    1.0000    0.0000
    0.0000    1.0000


r_LumXAro =

    1.0000   -0.1089
   -0.1089    1.0000


p_LumXAro =

    1.0000    0.0897
    0.0897    1.0000


r_LumXVal =

    1.0000    0.0430
    0.0430    1.0000


p_LumXVal =

    1.0000    0.5038
    0.5038    1.0000


r_SzXAro =

    1.0000   -0.0563
   -0.0563    1.0000


p_SzXAro =

    1.0000    0.3810
    0.3810    1.0000


r_SzXVal =

    1.0000    0.0137
    0.0137    1.0000


p_SzXVal =

    1.0000    0.8319
    0.8319    1.0000


r_ContrXVal =

    1.0000    0.1975
    0.1975    1.0000


p_ContrXVal =

    1.0000    0.0019
    0.0019    1.0000


r_ContXAro =

    1.0000   -0.0866
   -0.0866    1.0000


p_ContXAro =

    1.0000    0.1773
    0.1773    1.0000


r_SF768384XVal =

    1.0000    0.0339
    0.0339    1.0000


p_SF768384XVal =

    1.0000    0.5978
    0.5978    1.0000


r_SF768384XAro =

    1.0000   -0.0446
   -0.0446    1.0000


p_SF768384XAro =

    1.0000    0.4876
    0.4876    1.0000


r_SF384192XVal =

    1.0000    0.0417
    0.0417    1.0000


p_SF384192XVal =

    1.0000    0.5169
    0.5169    1.0000


r_SF384192XAro =

    1.0000   -0.0178
   -0.0178    1.0000


p_SF384192XAro =

    1.0000    0.7823
    0.7823    1.0000


r_SF19296XVal =

    1.0000    0.1096
    0.1096    1.0000


p_SF19296XVal =

    1.0000    0.0875
    0.0875    1.0000


r_SF19296XAro =

    1.0000    0.0204
    0.0204    1.0000


p_SF19296XAro =

    1.0000    0.7513
    0.7513    1.0000


r_SF9648XVal =

    1.0000    0.1188
    0.1188    1.0000


p_SF9648XVal =

    1.0000    0.0639
    0.0639    1.0000


r_SF9648XAro =

    1.0000    0.0492
    0.0492    1.0000


p_SF9648XAro =

    1.0000    0.4441
    0.4441    1.0000


r_SF4824XVal =

    1.0000    0.1339
    0.1339    1.0000


p_SF4824XVal =

    1.0000    0.0366
    0.0366    1.0000


r_SF4824XAro =

    1.0000    0.0424
    0.0424    1.0000


p_SF4824XAro =

    1.0000    0.5098
    0.5098    1.0000


r_SF2412XVal =

    1.0000    0.0818
    0.0818    1.0000


p_SF2412XVal =

    1.0000    0.2028
    0.2028    1.0000


r_SF2412XAro =

    1.0000    0.0344
    0.0344    1.0000


p_SF2412XAro =

    1.0000    0.5929
    0.5929    1.0000


r_SF126XVal =

    1.0000    0.0704
    0.0704    1.0000


p_SF126XVal =

    1.0000    0.2734
    0.2734    1.0000


r_SF126XAro =

    1.0000   -0.0295
   -0.0295    1.0000


p_SF126XAro =

    1.0000    0.6467
    0.6467    1.0000


r_SF63XVal =

    1.0000    0.1204
    0.1204    1.0000


p_SF63XVal =

    1.0000    0.0603
    0.0603    1.0000


r_SF63XAro =

    1.0000    0.0108
    0.0108    1.0000


p_SF63XAro =

    1.0000    0.8671
    0.8671    1.0000


r_SFresXVal =

    1.0000    0.0305
    0.0305    1.0000


p_SFresXVal =

    1.0000    0.6354
    0.6354    1.0000


r_SFresXAro =

    1.0000   -0.1122
   -0.1122    1.0000


p_SFresXAro =

    1.0000    0.0802
    0.0802    1.0000

>> 